MY_PATH=../../../DEV.18/GITHUB/orbiter
MY_PATH2=../../../DEV.18
#MY_PATH=/scratch3/betten/COMPILE/2018_02_06
ORBITER=$(MY_PATH)/ORBITER
ORBITER2=$(MY_PATH2)/ORBITER2
SRC=$(ORBITER)/SRC
SRC2=$(ORBITER2)/SRC2

BCH_PATH=$(SRC2)/BCH_AND_TENSOR
THE_PATH=$(SRC2)/MATH460
TOOLS_PATH=$(SRC)/APPS/TOOLS
COMBINATORICS_PATH=$(SRC)/APPS/COMBINATORICS

code8:
	$(THE_PATH)/binary_code.out -n 8 -a 103 -c 47 -seed 90 -r 5
	
code5:
	$(THE_PATH)/binary_code.out -n 5 -a 13 -c 47 -seed 90 -r 5
	
darts_0:
	$(THE_PATH)/darts.out -a 5 -c 11 -m 997 -seed 7 -N 0 -bullseye 5 -label dart_0 -subdivide 10
	pdflatex dart_0.tex
	open dart_0.pdf


code_4:
	$(THE_PATH)/binary_code.out -n 4 -set ""


code_5:
	$(THE_PATH)/binary_code.out -n 5 -set "0,7,25,30"


code_6_4:
	$(THE_PATH)/binary_code.out -n 6 -set "0, 15, 51, 60"


code_6:
	$(THE_PATH)/binary_code.out -n 6 -set "0,60,50,41,14,21,27,39"
	
# linear code with generator matrix
# 111100
# 110010
# 101001

code_Hamming_bad:
	$(THE_PATH)/binary_code.out -n 7 -set "0, 15, 19, 28, 37, 42, 54, 57, 70, 73, 85, 90, 99, 108, 112, 127"
	$(TOOLS_PATH)/draw_colored_graph.out -v 2 \
		-file code_7_16_Levi_16_8.bin \
		-Levi 16 8 \
		-bitmatrix


#codeword =     0 : 0000000
#codeword =    15 : 0001111
#codeword =    19 : 0010011
#codeword =    28 : 0011100
#codeword =    37 : 0100101
#codeword =    42 : 0101010
#codeword =    54 : 0110110
#codeword =    57 : 0111001
#codeword =    70 : 1000110
#codeword =    73 : 1001001
#codeword =    85 : 1010101
#codeword =    90 : 1011010
#codeword =    99 : 1100011
#codeword =   108 : 1101100
#codeword =   112 : 1110000
#codeword =   127 : 1111111



code_6_53:
	$(THE_PATH)/binary_code.out -n 6 -set "53"


code_10:
	$(THE_PATH)/binary_code.out -n 10 -set "0,31,227,364,437,474,630,696,717,811,849,902"
	

bounds:
	$(THE_PATH)/bounds.out -v 2


create_Hamming:
	$(THE_PATH)/create_code.out -v 2 -n 7 -q 2 -check_matrix "1,0,1,0,1,0,1, 0,1,1,0,0,1,1, 0,0,0,1,1,1,1" \
		-save_codewords Hamming_codewords.csv


code_Hamming:
	$(THE_PATH)/binary_code.out -n 7 -set "0, 7, 25, 30, 42, 45, 51, 52, 75, 76, 82, 85, 97, 102, 120, 127"

draw_Hamming:
	$(TOOLS_PATH)/draw_colored_graph.out -v 2 \
		-file code_7_16_Levi_16_8.bin \
		-Levi 16 8 \
		-bitmatrix
	mpost code_7_16_Levi_16_8_bitmatrix.mp



golay:
	$(THE_PATH)/golay.out


#1, 0, 0, 0, 0, 0, 0, 0, 0, 0, 0, 0, 0, 1, 1, 1, 1, 1, 1, 1, 1, 1, 1, 1, 
#0, 1, 0, 0, 0, 0, 0, 0, 0, 0, 0, 0, 1, 1, 0, 1, 0, 0, 0, 1, 1, 1, 0, 1, 
#0, 0, 1, 0, 0, 0, 0, 0, 0, 0, 0, 0, 1, 1, 1, 0, 1, 0, 0, 0, 1, 1, 1, 0, 
#0, 0, 0, 1, 0, 0, 0, 0, 0, 0, 0, 0, 1, 0, 1, 1, 0, 1, 0, 0, 0, 1, 1, 1, 
#0, 0, 0, 0, 1, 0, 0, 0, 0, 0, 0, 0, 1, 1, 0, 1, 1, 0, 1, 0, 0, 0, 1, 1, 
#0, 0, 0, 0, 0, 1, 0, 0, 0, 0, 0, 0, 1, 1, 1, 0, 1, 1, 0, 1, 0, 0, 0, 1, 
#0, 0, 0, 0, 0, 0, 1, 0, 0, 0, 0, 0, 1, 1, 1, 1, 0, 1, 1, 0, 1, 0, 0, 0, 
#0, 0, 0, 0, 0, 0, 0, 1, 0, 0, 0, 0, 1, 0, 1, 1, 1, 0, 1, 1, 0, 1, 0, 0, 
#0, 0, 0, 0, 0, 0, 0, 0, 1, 0, 0, 0, 1, 0, 0, 1, 1, 1, 0, 1, 1, 0, 1, 0, 
#0, 0, 0, 0, 0, 0, 0, 0, 0, 1, 0, 0, 1, 0, 0, 0, 1, 1, 1, 0, 1, 1, 0, 1, 
#0, 0, 0, 0, 0, 0, 0, 0, 0, 0, 1, 0, 1, 1, 0, 0, 0, 1, 1, 1, 0, 1, 1, 0, 
#0, 0, 0, 0, 0, 0, 0, 0, 0, 0, 0, 1, 1, 0, 1, 0, 0, 0, 1, 1, 1, 0, 1, 1, 

create_Golay:
	$(THE_PATH)/create_code.out -v 2 -n 24 -q 2 -check_matrix "1, 0, 0, 0, 0, 0, 0, 0, 0, 0, 0, 0, 0, 1, 1, 1, 1, 1, 1, 1, 1, 1, 1, 1,  0, 1, 0, 0, 0, 0, 0, 0, 0, 0, 0, 0, 1, 1, 0, 1, 0, 0, 0, 1, 1, 1, 0, 1,  0, 0, 1, 0, 0, 0, 0, 0, 0, 0, 0, 0, 1, 1, 1, 0, 1, 0, 0, 0, 1, 1, 1, 0,  0, 0, 0, 1, 0, 0, 0, 0, 0, 0, 0, 0, 1, 0, 1, 1, 0, 1, 0, 0, 0, 1, 1, 1,  0, 0, 0, 0, 1, 0, 0, 0, 0, 0, 0, 0, 1, 1, 0, 1, 1, 0, 1, 0, 0, 0, 1, 1,  0, 0, 0, 0, 0, 1, 0, 0, 0, 0, 0, 0, 1, 1, 1, 0, 1, 1, 0, 1, 0, 0, 0, 1,  0, 0, 0, 0, 0, 0, 1, 0, 0, 0, 0, 0, 1, 1, 1, 1, 0, 1, 1, 0, 1, 0, 0, 0,  0, 0, 0, 0, 0, 0, 0, 1, 0, 0, 0, 0, 1, 0, 1, 1, 1, 0, 1, 1, 0, 1, 0, 0,  0, 0, 0, 0, 0, 0, 0, 0, 1, 0, 0, 0, 1, 0, 0, 1, 1, 1, 0, 1, 1, 0, 1, 0,  0, 0, 0, 0, 0, 0, 0, 0, 0, 1, 0, 0, 1, 0, 0, 0, 1, 1, 1, 0, 1, 1, 0, 1,  0, 0, 0, 0, 0, 0, 0, 0, 0, 0, 1, 0, 1, 1, 0, 0, 0, 1, 1, 1, 0, 1, 1, 0,  0, 0, 0, 0, 0, 0, 0, 0, 0, 0, 0, 1, 1, 0, 1, 0, 0, 0, 1, 1, 1, 0, 1, 1"


code_Golay:
	$(THE_PATH)/binary_code.out -n 24 -embellish -set "0, 8190, 9335, 15241, 18669, 22291, 27802, 29540, 33243, 40485, 42412, 47698, 51510, 54984, 60737, 62143, 66485, 72779, 75714, 79932, 84824, 87206, 93999, 94417, 98926, 105872, 108057, 113127, 117379, 120189, 126708, 127242, 132969, 137367, 140062, 146656, 151428, 151674, 158707, 160781, 165554, 170316, 172741, 179515, 183903, 184737, 191016, 194006, 197852, 203554, 204971, 212821, 216113, 218063, 223302, 227256, 230663, 236281, 237936, 245390, 249322, 250388, 256413, 259683, 265937, 266543, 273062, 275800, 280124, 285122, 287307, 294325, 298762, 299252, 306045, 308355, 313319, 317465, 320400, 326766, 331108, 332442, 338195, 341741, 345481, 350839, 352766, 359936, 363711, 365377, 370888, 374582, 377938, 383916, 385061, 393179, 395704, 398918, 404943, 406065, 409941, 417451, 419106, 424668, 428131, 432029, 437268, 439274, 442510, 450416, 451833, 457479, 461325, 464371, 470650, 471428, 475872, 482590, 485015, 489833, 494550, 496680, 503713, 503903, 508731, 515269, 517964, 522418, 527779, 528989, 534996, 538154, 542030, 547504, 549177, 556743, 560248, 562054, 567311, 571377, 574613, 580459, 581858, 589596, 593430, 594408, 600673, 603551, 607995, 612613, 615052, 621938, 626637, 626739, 633786, 635972, 640800, 645342, 648023, 654505, 658122, 660788, 667325, 667971, 672295, 679385, 681552, 686510, 690961, 693487, 700262, 700568, 705532, 711682, 714635, 718965, 723327, 726657, 732424, 733942, 737682, 745068, 746981, 752155, 755876, 759642, 765139, 766765, 770121, 778167, 779326, 785344, 787314, 793740, 796421, 801019, 805791, 808033, 815080, 815126, 819881, 826711, 829150, 833824, 838212, 841146, 847411, 848333, 852167, 859961, 861360, 867150, 870442, 874452, 879709, 881571, 885020, 892642, 894315, 899733, 903665, 906767, 912774, 914040, 918555, 924645, 925804, 933778, 937206, 938760, 944257, 948095, 951744, 956990, 958903, 966217, 970029, 971475, 977242, 980644, 985006, 989264, 992217, 998439, 1003331, 1003709, 1010484, 1012938, 1017461, 1022347, 1024514, 1031676, 1035928, 1036646, 1043183, 1045777, 1051463, 1053881, 1060656, 1061070, 1065898, 1072212, 1075165, 1079331, 1084060, 1086818, 1093355, 1093909, 1098353, 1105295, 1107462, 1112568, 1116402, 1120012, 1125509, 1127291, 1130527, 1138657, 1139816, 1145750, 1149225, 1152727, 1158494, 1159840, 1163716, 1171002, 1172915, 1178189, 1182766, 1184720, 1189977, 1193895, 1197251, 1203005, 1204404, 1212234, 1215989, 1217035, 1223042, 1226364, 1230104, 1235686, 1237359, 1244817, 1249179, 1249381, 1256428, 1258514, 1263478, 1267848, 1270529, 1277183, 1281600, 1282494, 1288759, 1291721, 1296045, 1300819, 1303258, 1309988, 1312150, 1317480, 1319393, 1326623, 1330555, 1331845, 1337612, 1341170, 1344589, 1350579, 1351738, 1359812, 1363104, 1364830, 1370327, 1373993, 1377827, 1382877, 1385044, 1392042, 1396430, 1397040, 1403577, 1406279, 1411064, 1415174, 1418127, 1424497, 1429269, 1429739, 1436514, 1438876, 1442559, 1449217, 1451656, 1456502, 1460754, 1463788, 1470053, 1470875, 1475364, 1481946, 1484627, 1489069, 1493961, 1496119, 1503166, 1503296, 1507658, 1515188, 1516861, 1522371, 1526183, 1529433, 1535440, 1536558, 1540241, 1548143, 1549542, 1555224, 1558652, 1562498, 1567755, 1569781, 1574628, 1579290, 1581715, 1588589, 1592841, 1593847, 1600126, 1602944, 1607487, 1611969, 1614664, 1621174, 1626066, 1626156, 1633189, 1635419, 1639761, 1645231, 1646886, 1654488, 1658300, 1659458, 1665483, 1668661, 1672330, 1678196, 1679613, 1687299, 1690727, 1692569, 1697808, 1701870, 1704333, 1711731, 1713658, 1718788, 1722720, 1726110, 1731863, 1733353, 1736790, 1744808, 1745953, 1752031, 1755323, 1759045, 1764556, 1766194, 1770040, 1777094, 1779279, 1784241, 1788629, 1791275, 1797794, 1798492, 1803235, 1809437, 1812372, 1816682, 1821454, 1823984, 1830777, 1831047, 1837109, 1841099, 1846338, 1848252, 1851608, 1859366, 1860783, 1866577, 1870318, 1873424, 1879449, 1880679, 1884419, 1892093, 1893748, 1899146, 1903488, 1905790, 1912823, 1912841, 1917805, 1924243, 1926938, 1931492, 1935963, 1938853, 1945132, 1946066, 1950390, 1957192, 1959617, 1964351, 1970012, 1970338, 1977131, 1979605, 1984433, 1988687, 1991622, 1997880, 2002567, 2003321, 2009840, 2012430, 2016874, 2021780, 2023965, 2031075, 2034921, 2036503, 2042014, 2045792, 2049028, 2055162, 2056307, 2064269, 2067762, 2069196, 2074949, 2078395, 2082271, 2087457, 2089384, 2096726, 2098831, 2103665, 2106104, 2112774, 2117218, 2118044, 2124309, 2127339, 2131796, 2136234, 2138915, 2145501, 2150329, 2150471, 2157518, 2159664, 2164026, 2169540, 2171213, 2178739, 2182615, 2183721, 2189728, 2192990, 2196705, 2202399, 2203798, 2211688, 2214924, 2216946, 2222203, 2226053, 2228710, 2235928, 2237841, 2243183, 2246923, 2250485, 2256252, 2257538, 2261053, 2269123, 2270282, 2276276, 2279632, 2283310, 2288807, 2290521, 2294355, 2301357, 2303524, 2308570, 2312894, 2315584, 2322121, 2322743, 2327432, 2333814, 2336767, 2340865, 2345829, 2348187, 2354962, 2355436, 2361438, 2365344, 2370601, 2372567, 2375859, 2383693, 2385092, 2390842, 2394501, 2397819, 2403826, 2404876, 2408808, 2416278, 2417951, 2423521, 2427883, 2429973, 2437020, 2437218, 2441990, 2448632, 2451313, 2455695, 2460208, 2463182, 2469447, 2470329, 2474717, 2481443, 2483882, 2488660, 2494263, 2494665, 2501440, 2503870, 2508762, 2512932, 2515885, 2522195, 2526956, 2527506, 2534043, 2536805, 2541057, 2546175, 2548342, 2555272, 2559106, 2560892, 2566389, 2569995, 2573423, 2579345, 2580504, 2588646, 2592089, 2593447, 2599214, 2602704, 2606516, 2611786, 2613699, 2620989, 2624300, 2626770, 2633563, 2633893, 2638785, 2645055, 2647990, 2652232, 2657015, 2659593, 2666112, 2666878, 2671130, 2678244, 2680429, 2685331, 2689177, 2692967, 2698478, 2700048, 2703476, 2711434, 2712579, 2718717, 2722114, 2725564, 2731317, 2732747, 2736559, 2743889, 2745816, 2751014, 2755653, 2757563, 2762802, 2766796, 2770088, 2775894, 2777311, 2785057, 2788766, 2789984, 2796009, 2799127, 2803059, 2808461, 2810116, 2817786, 2822128, 2822158, 2829191, 2831481, 2836253, 2840803, 2843498, 2849940, 2854443, 2855381, 2861660, 2864546, 2868934, 2873656, 2876081, 2882895, 2885117, 2890243, 2892170, 2899572, 2903312, 2904814, 2910567, 2913945, 2917414, 2923480, 2924625, 2932655, 2936011, 2937653, 2943164, 2946882, 2950728, 2955702, 2957887, 2964929, 2969253, 2969947, 2976466, 2979116, 2983827, 2988141, 2991076, 2997274, 3002238, 3002496, 3009289, 3011831, 3015316, 3022186, 3024611, 3029277, 3033721, 3036551, 3042830, 3043824, 3048271, 3054769, 3057464, 3061958, 3066786, 3069020, 3076053, 3076139, 3080481, 3088095, 3089750, 3095208, 3099084, 3102258, 3108283, 3109445, 3113210, 3120900, 3122317, 3128179, 3131415, 3135465, 3140704, 3142558, 3149256, 3150390, 3156415, 3159617, 3163429, 3168987, 3170642, 3178156, 3181587, 3183597, 3188836, 3192730, 3196158, 3201792, 3203209, 3211127, 3214973, 3215747, 3222026, 3225076, 3229328, 3234158, 3236583, 3243289, 3248038, 3248216, 3255249, 3257391, 3262283, 3266741, 3269436, 3275970, 3279521, 3282271, 3288790, 3289384, 3293772, 3300786, 3302971, 3307973, 3312506, 3314820, 3321613, 3322099, 3326871, 3333225, 3336160, 3340318, 3344660, 3348202, 3353955, 3355293, 3359225, 3366407, 3368334, 3373680, 3377359, 3381041, 3386552, 3388230, 3391522, 3399644, 3400789, 3406763, 3408665, 3415271, 3417966, 3422352, 3427316, 3429386, 3436419, 3436669, 3441346, 3448124, 3450549, 3455307, 3459631, 3462609, 3468888, 3469734, 3473580, 3481426, 3482843, 3488549, 3491905, 3495871, 3501110, 3503048, 3506551, 3513993, 3515648, 3521278, 3525018, 3528292, 3534317, 3535379, 3540080, 3545998, 3547143, 3555321, 3558557, 3560291, 3565802, 3569428, 3573163, 3578453, 3580380, 3587618, 3591494, 3592888, 3598641, 3602127, 3606469, 3610683, 3613618, 3619916, 3624744, 3625174, 3631967, 3634337, 3638814, 3643872, 3646057, 3653015, 3657459, 3657997, 3664516, 3667322, 3670123, 3678101, 3679260, 3685346, 3688582, 3692408, 3697905, 3699471, 3703216, 3710542, 3712455, 3717689, 3721565, 3724963, 3730730, 3732180, 3736542, 3742752, 3745705, 3749975, 3754803, 3757261, 3764036, 3764410, 3768837, 3775995, 3778162, 3783052, 3787496, 3790102, 3796639, 3797345, 3802882, 3807484, 3810165, 3816587, 3821551, 3821585, 3828632, 3830886, 3835609, 3840295, 3842734, 3849552, 3853876, 3854794, 3861059, 3863997, 3867831, 3873609, 3875008, 3882814, 3886170, 3888036, 3893293, 3897299, 3900780, 3906194, 3907867, 3915493, 3919233, 3920511, 3926518, 3929608, 3935930, 3936580, 3943117, 3945779, 3950167, 3955113, 3957280, 3964382, 3968865, 3969183, 3975958, 3978472, 3983244, 3987570, 3990523, 3996677, 4001039, 4002545, 4008312, 4011654, 4015586, 4020764, 4022677, 4030059, 4033748, 4035370, 4040867, 4044637, 4047929, 4053959, 4055118, 4063152, 4065747, 4068909, 4074916, 4076122, 4079934, 4087488, 4089161, 4094647, 4098056, 4102134, 4107391, 4109185, 4112613, 4120347, 4121746, 4127596, 4131430, 4134296, 4140561, 4141551, 4145803, 4152693, 4155132, 4159746, 4164541, 4166723, 4173770, 4173876, 4178768, 4185262, 4187943, 4192473, 4197661, 4199139, 4204906, 4208276, 4212208, 4217358, 4219271, 4226681, 4230342, 4231992, 4237489, 4241231, 4244523, 4250581, 4251740, 4259746, 4263592, 4264278, 4270815, 4273441, 4277829, 4282811, 4284978, 4292044, 4296563, 4296845, 4303620, 4306170, 4310942, 4315232, 4318185, 4324375, 4328052, 4330890, 4337155, 4338173, 4342425, 4349287, 4351726, 4356368, 4361135, 4363345, 4370392, 4370470, 4375362, 4381884, 4384565, 4389067, 4393409, 4396607, 4402614, 4403784, 4407596, 4415186, 4416859, 4422309, 4425754, 4429796, 4435053, 4436883, 4440311, 4448009, 4449408, 4455294, 4457420, 4463666, 4466619, 4470853, 4475681, 4478175, 4484950, 4485288, 4489751, 4496873, 4499040, 4503966, 4508410, 4510980, 4517517, 4518259, 4522105, 4530055, 4531214, 4537328, 4540564, 4544362, 4549859, 4551453, 4555170, 4562524, 4564437, 4569643, 4573519, 4576945, 4582712, 4584134, 4588709, 4594523, 4595922, 4603692, 4607048, 4608950, 4614207, 4618177, 4621694, 4627072, 4628745, 4636407, 4640147, 4641389, 4647396, 4650522, 4654864, 4659438, 4662119, 4668569, 4673533, 4673539, 4680586, 4682868, 4687563, 4692277, 4694716, 4701506, 4705830, 4706776, 4713041, 4715951, 4718782, 4726592, 4728009, 4733751, 4737107, 4741037, 4746276, 4748250, 4751717, 4759195, 4760850, 4766444, 4770184, 4773494, 4779519, 4780545, 4784907, 4791541, 4794236, 4798594, 4803558, 4805656, 4812689, 4812911, 4817616, 4824366, 4826791, 4831577, 4835901, 4838851, 4845130, 4846004, 4851671, 4855849, 4858784, 4865118, 4869946, 4870340, 4877133, 4879539, 4883980, 4889074, 4891259, 4898181, 4902625, 4903199, 4909718, 4912488, 4916322, 4922268, 4923413, 4931563, 4934799, 4936561, 4942072, 4945670, 4949433, 4954695, 4956622, 4963888, 4967764, 4969130, 4974883, 4978397, 4984431, 4985233, 4991512, 4994534, 4998786, 5003644, 5006069, 5012747, 5017524, 5017674, 5024707, 5026877, 5031769, 5036199, 5038894, 5045456, 5049818, 5050916, 5056941, 5060179, 5063991, 5069513, 5071168, 5078718, 5082113, 5084159, 5089398, 5093256, 5096684, 5102354, 5103771, 5111653, 5114118, 5117688, 5123441, 5124751, 5128683, 5135893, 5137820, 5143138, 5146845, 5150499, 5156010, 5157716, 5161008, 5169102, 5170247, 5176249, 5180083, 5182797, 5189316, 5189946, 5194334, 5201312, 5203497, 5208535, 5213032, 5215382, 5222175, 5222625, 5227397, 5233787, 5236722, 5240844, 5244506, 5249444, 5251629, 5258707, 5263031, 5263689, 5270208, 5272894, 5277569, 5281919, 5284854, 5291016, 5295980, 5296274, 5303067, 5305573, 5309935, 5315089, 5317016, 5324390, 5328130, 5329660, 5335413, 5338763, 5342260, 5348298, 5349443, 5357501, 5360857, 5362471, 5367982, 5371728, 5374259, 5381837, 5383492, 5388986, 5392862, 5396000, 5402025, 5403223, 5406952, 5414678, 5416095, 5421921, 5425157, 5429243, 5434482, 5436300, 5440134, 5447032, 5449457, 5454095, 5458539, 5461397, 5467676, 5468642, 5473117, 5479587, 5482282, 5486804, 5491632, 5493838, 5500871, 5500985, 5507211, 5511029, 5516540, 5518082, 5521510, 5529496, 5530641, 5536751, 5540176, 5543598, 5549351, 5550809, 5554621, 5561923, 5563850, 5569076, 5573438, 5575872, 5582665, 5583031, 5587923, 5594157, 5597092, 5601370, 5606117, 5608731, 5615250, 5615980, 5620232, 5627382, 5629567, 5634433, 5640162, 5640220, 5647253, 5649515, 5654287, 5658865, 5661560, 5667974, 5672505, 5673415, 5679694, 5682608, 5686996, 5691690, 5694115, 5700957, 5704791, 5706665, 5711904, 5715934, 5719226, 5724996, 5726413, 5734195, 5737868, 5739122, 5745147, 5748229, 5752161, 5757599, 5759254, 5766888, 5770233, 5772295, 5779342, 5779568, 5784340, 5790954, 5793635, 5798045, 5802530, 5805532, 5811797, 5812651, 5817039, 5823793, 5826232, 5830982, 5834828, 5838770, 5844027, 5845957, 5849249, 5857119, 5858518, 5864232, 5867927, 5871209, 5877216, 5878302, 5882234, 5889668, 5891341, 5896947, 5901456, 5903214, 5908711, 5912345, 5915773, 5921667, 5922826, 5930996, 5934411, 5935797, 5941564, 5945026, 5948838, 5954136, 5956049, 5963311, 5967653, 5968091, 5974866, 5977260, 5982152, 5986358, 5989311, 5995585, 6000382, 6000896, 6007433, 6010231, 6014483, 6019565, 6021732, 6028698, 6030632, 6036182, 6037855, 6045345, 6049221, 6050363, 6056370, 6059596, 6063347, 6069005, 6070404, 6078330, 6081566, 6083552, 6088809, 6092695, 6096541, 6101347, 6103786, 6110484, 6114928, 6115726, 6121991, 6125049, 6129478, 6133944, 6136625, 6143183, 6148011, 6148181, 6155228, 6157346, 6160961, 6167999, 6170166, 6175176, 6179500, 6182226, 6188763, 6189349, 6194074, 6200420, 6203373, 6207507, 6212471, 6214793, 6221568, 6222078, 6226420, 6233610, 6235523, 6240893, 6244633, 6248167, 6253934, 6255248, 6258735, 6266833, 6267992, 6273958, 6277314, 6281020, 6286517, 6288203, 6294418, 6296684, 6303717, 6303771, 6308735, 6315137, 6317832, 6322422, 6326857, 6329783, 6336062, 6336960, 6341284, 6348122, 6350547, 6355245, 6359079, 6363097, 6368336, 6370222, 6373578, 6381364, 6382781, 6388547, 6392316, 6395394, 6401419, 6402677, 6406417, 6414063, 6415718, 6421144, 6425851, 6427397, 6432908, 6436722, 6439958, 6446056, 6447201, 6455199, 6458656, 6460126, 6465879, 6469289, 6473165, 6478387, 6480314, 6487620, 6491982, 6492336, 6499129, 6501575, 6506403, 6510685, 6513620, 6519850, 6524565, 6525291, 6531810, 6534428, 6538872, 6543750, 6545935, 6553073, 6554947, 6560445, 6562100, 6569674, 6573486, 6574672, 6580697, 6583847, 6587544, 6593382, 6594799, 6602513, 6605941, 6607755, 6612994, 6617084, 6620918, 6625544, 6627969, 6634879, 6639131, 6640101, 6646380, 6649234, 6653741, 6658259, 6660954, 6667428, 6672320, 6672446, 6679479, 6681673, 6685226, 6692308, 6694493, 6699427, 6703815, 6706489, 6713008, 6713678, 6718449, 6724623, 6727558, 6731896, 6736668, 6739170, 6745963, 6746261, 6750623, 6757985, 6759912, 6765078, 6769010, 6772364, 6778117, 6779643, 6783044, 6791098, 6792243, 6798285, 6801577, 6805335, 6810846, 6812448, 6817329, 6822351, 6824518, 6831544, 6835932, 6836514, 6843051, 6845781, 6850538, 6854676, 6857629, 6863971, 6868743, 6869241, 6876016, 6878350, 6882692, 6888058, 6889971, 6897165, 6901097, 6902423, 6908190, 6911712, 6915167, 6921121, 6922280, 6930390, 6933682, 6935372, 6940869, 6944571, 6947160, 6954662, 6956335, 6961873, 6965685, 6968907, 6974914, 6976060, 6979715, 6987645, 6989044, 6994698, 6998126, 7002000, 7007257, 7009255, 7013101, 7019795, 7022234, 7027044, 7031296, 7034366, 7040631, 7041417, 7045942, 7052488, 7055169, 7059647, 7064539, 7066661, 7073708, 7073874, 7080160, 7083806, 7089303, 7091049, 7094285, 7102451, 7103610, 7109508, 7113019, 7116485, 7122252, 7123634, 7127510, 7134760, 7136673, 7141983, 7146325, 7148715, 7155490, 7155932, 7160760, 7167046, 7169999, 7174193, 7178894, 7181680, 7188217, 7188743, 7193187, 7200157, 7202324, 7207402, 7212937, 7213175, 7220222, 7222272, 7227236, 7231642, 7234323, 7240941, 7245394, 7246252, 7252517, 7255515, 7259839, 7264577, 7267016, 7273782, 7277628, 7279554, 7284811, 7288757, 7292113, 7297839, 7299238, 7307096, 7310823, 7311897, 7317904, 7321198, 7324938, 7330548, 7332221, 7339651, 7340245, 7348011, 7349410, 7355228, 7358520, 7362502, 7367759, 7369649, 7373070, 7380720, 7382393, 7387783, 7391715, 7394845, 7400852, 7402090, 7406432, 7412894, 7415575, 7420137, 7424909, 7427187, 7434234, 7434244, 7439035, 7445829, 7448268, 7452978, 7457366, 7460264, 7466529, 7467487, 7473084, 7477314, 7480267, 7486517, 7491409, 7491759, 7498534, 7501016, 7505511, 7510425, 7512592, 7519726, 7523978, 7524724, 7531261, 7533827, 7537673, 7543799, 7544958, 7552896, 7556324, 7557914, 7563411, 7567213, 7570898, 7576108, 7578021, 7585371, 7589183, 7590593, 7596360, 7599798, 7605764, 7606778, 7613043, 7615885, 7620329, 7624983, 7627422, 7634272, 7639007, 7639073, 7646120, 7648342, 7653170, 7657676, 7660357, 7666875, 7671217, 7672399, 7678406, 7681592, 7685468, 7690914, 7692587, 7700181, 7703658, 7705492, 7710749, 7714787, 7718023, 7723897, 7725296, 7733006, 7735661, 7739027, 7744794, 7746276, 7750016, 7757438, 7759351, 7764489, 7768246, 7771976, 7777473, 7779135, 7782491, 7790501, 7791660, 7797714, 7801560, 7804198, 7810735, 7811409, 7815733, 7822795, 7824962, 7829948, 7834371, 7836925, 7843700, 7843978, 7848942, 7855120, 7858073, 7862375, 7867766, 7869064, 7874817, 7878399, 7882139, 7887461, 7889388, 7896594, 7900333, 7902035, 7907546, 7911204, 7914560, 7920574, 7921719, 7929801, 7933635, 7934269, 7940788, 7943498, 7947822, 7952848, 7955033, 7962023, 7966488, 7966950, 7973743, 7976081, 7981045, 7985163, 7988098, 7994492, 7997983, 8000993, 8007272, 8008086, 8012530, 8019212, 8021637, 8026491, 8031172, 8033338, 8040371, 8040525, 8045353, 8051927, 8054622, 8059040, 8063402, 8066644, 8072669, 8073763, 8077639, 8085177, 8086832, 8092366, 8095857, 8099727, 8104966, 8107000, 8110236, 8118114, 8119531, 8125205, 8127399, 8133721, 8136656, 8140846, 8145738, 8148148, 8154941, 8155331, 8159868, 8166786, 8168971, 8174069, 8178321, 8181103, 8187622, 8188184, 8192018, 8200172, 8201317, 8207259, 8210687, 8214273, 8219784, 8221558, 8225225, 8232503, 8234430, 8239680, 8243492, 8247002, 8252755, 8254125, 8258766, 8264496, 8265913, 8273735, 8277027, 8279005, 8284244, 8288170, 8291605, 8297195, 8298850, 8306332, 8310264, 8311302, 8317327, 8320625, 8324987, 8329349, 8332044, 8338674, 8343446, 8343656, 8350689, 8352799, 8357536, 8362334, 8364759, 8371497, 8375885, 8376755, 8383034, 8385988, 8391227, 8394181, 8400460, 8401330, 8405718, 8412456, 8414881, 8419679, 8424416, 8426526, 8433559, 8433769, 8438541, 8445171, 8447866, 8452228, 8456590, 8459888, 8465913, 8466951, 8470883, 8478365, 8480020, 8485610, 8489045, 8492971, 8498210, 8500188, 8503480, 8511302, 8512719, 8518449, 8523090, 8524460, 8530213, 8533723, 8537535, 8542785, 8544712, 8551990, 8555657, 8557431, 8562942, 8566528, 8569956, 8575898, 8577043, 8585197, 8589031, 8589593, 8596112, 8598894, 8603146, 8608244, 8610429, 8617347, 8621884, 8622274, 8629067, 8631477, 8636369, 8640559, 8643494, 8649816, 8652010, 8657684, 8659101, 8666979, 8670215, 8672249, 8677488, 8681358, 8684849, 8690383, 8692038, 8699576, 8703452, 8704546, 8710571, 8713813, 8718175, 8722593, 8725288, 8731862, 8736690, 8736844, 8743877, 8746043, 8750724, 8755578, 8758003, 8764685, 8769129, 8769943, 8776222, 8779232, 8782723, 8789117, 8792052, 8796170, 8801134, 8803472, 8810265, 8810727, 8815192, 8822182, 8824367, 8829393, 8833717, 8836427, 8842946, 8843580, 8847414, 8855496, 8856641, 8862655, 8866011, 8869669, 8875180, 8876882, 8880621, 8887827, 8889754, 8895076, 8898816, 8902398, 8908151, 8909449, 8914840, 8919142, 8922095, 8928273, 8933237, 8933515, 8940290, 8942844, 8947267, 8952253, 8954420, 8961482, 8965806, 8966480, 8973017, 8975655, 8979501, 8985555, 8986714, 8994724, 8998080, 8999742, 9005239, 9008969, 9012726, 9017864, 9019777, 9027199, 9030939, 9032421, 9038188, 9041554, 9044209, 9051919, 9053318, 9059192, 9062428, 9066466, 9071723, 9073557, 9077034, 9084628, 9086301, 9091747, 9095623, 9098809, 9104816, 9105998, 9110340, 9116858, 9119539, 9124045, 9128873, 9131095, 9138142, 9138208, 9142943, 9149793, 9152232, 9156886, 9161330, 9164172, 9170437, 9171451, 9177417, 9180855, 9186622, 9188032, 9191844, 9199194, 9201107, 9206317, 9210002, 9213804, 9219301, 9220891, 9224319, 9232257, 9233416, 9239542, 9243388, 9245954, 9252491, 9253237, 9257489, 9264623, 9266790, 9271704, 9276199, 9278681, 9285456, 9285806, 9290698, 9296948, 9299901, 9304131, 9309728, 9310686, 9316951, 9319849, 9324237, 9328947, 9331386, 9338180, 9342971, 9342981, 9350028, 9352306, 9357078, 9361640, 9364321, 9370783, 9375125, 9376363, 9382370, 9385500, 9389432, 9394822, 9396495, 9404145, 9407566, 9409456, 9414713, 9418695, 9421987, 9427805, 9429204, 9436970, 9437564, 9444994, 9446667, 9452277, 9456017, 9459311, 9465318, 9466392, 9470119, 9477977, 9479376, 9485102, 9488458, 9492404, 9497661, 9499587, 9503433, 9510199, 9512638, 9517376, 9521700, 9524698, 9530963, 9531821, 9536274, 9542892, 9545573, 9549979, 9554943, 9556993, 9564040, 9564278, 9569813, 9574891, 9577058, 9584028, 9588472, 9588998, 9595535, 9598321, 9603022, 9607216, 9610169, 9616455, 9621283, 9621725, 9628500, 9630890, 9635232, 9640542, 9642455, 9649705, 9653581, 9654963, 9660730, 9664196, 9667707, 9673605, 9674764, 9682930, 9686166, 9687912, 9693409, 9697055, 9703341, 9703507, 9710554, 9712676, 9717568, 9722046, 9724727, 9731273, 9735798, 9736584, 9742849, 9745919, 9750171, 9754981, 9757420, 9764114, 9767960, 9769958, 9775215, 9779089, 9782517, 9788171, 9789570, 9797500, 9801155, 9802301, 9808308, 9811530, 9815342, 9820880, 9822553, 9830055, 9832644, 9836346, 9841843, 9843533, 9846825, 9854935, 9856094, 9862048, 9865503, 9869025, 9874792, 9876118, 9880050, 9887244, 9889157, 9894523, 9898865, 9901199, 9907974, 9908472, 9913244, 9919586, 9922539, 9926677, 9931434, 9934164, 9940701, 9941283, 9945671, 9952697, 9954864, 9959886, 9964767, 9966369, 9971880, 9975638, 9978930, 9984972, 9986117, 9994171, 9997572, 9999098, 10004851, 10008205, 10012137, 10017303, 10019230, 10026592, 10030954, 10031252, 10038045, 10040547, 10045319, 10049657, 10052592, 10058766, 10063537, 10064207, 10070726, 10073400, 10077788, 10082722, 10084907, 10091989, 10095542, 10097736, 10104769, 10104895, 10109787, 10116261, 10118956, 10123474, 10127981, 10130835, 10137114, 10138084, 10142336, 10149246, 10151671, 10156297, 10160131, 10164221, 10169460, 10171274, 10174702, 10182416, 10183833, 10189671, 10193368, 10196518, 10202543, 10203729, 10207541, 10215115, 10216770, 10222268, 10224142, 10231280, 10233465, 10238343, 10242787, 10245405, 10251924, 10252650, 10257365, 10263595, 10266530, 10270812, 10275640, 10278086, 10284879, 10285233, 10289595, 10296901, 10298828, 10304050, 10307926, 10311336, 10317089, 10318559, 10322016, 10330014, 10331159, 10337257, 10340493, 10344307, 10349818, 10351364, 10356071, 10361497, 10363152, 10370798, 10374538, 10375796, 10381821, 10384899, 10388668, 10394434, 10395851, 10403637, 10406993, 10408879, 10414118, 10418136, 10421970, 10426668, 10429093, 10435931, 10440255, 10441153, 10447432, 10450358, 10454793, 10459383, 10462078, 10468480, 10473444, 10473498, 10480531, 10482797, 10489012, 10490698, 10496195, 10499901, 10503257, 10509223, 10510382, 10518480, 10521967, 10523281, 10529048, 10532582, 10536322, 10541692, 10543605, 10550795, 10555137, 10555647, 10562422, 10564744, 10569708, 10573842, 10576795, 10583141, 10587866, 10588452, 10594989, 10597715, 10602039, 10607049, 10609216, 10616254, 10619869, 10621987, 10629034, 10629204, 10634032, 10640590, 10643271, 10647737, 10652166, 10655224, 10661489, 10662287, 10666731, 10673429, 10675868, 10680674, 10684520, 10688406, 10693663, 10695649, 10698885, 10706811, 10708210, 10713868, 10717619, 10720845, 10726852, 10727994, 10731870, 10739360, 10741033, 10746583, 10748517, 10755483, 10757650, 10762732, 10766984, 10769782, 10776319, 10776833, 10781630, 10787904, 10790857, 10795063, 10799955, 10802349, 10809124, 10809562, 10813904, 10821166, 10823079, 10828377, 10832189, 10835651, 10841418, 10842804, 10846219, 10854389, 10855548, 10861442, 10864870, 10868504, 10874001, 10875759, 10880268, 10885874, 10887547, 10894981, 10898913, 10899999, 10906006, 10909288, 10912983, 10918697, 10920096, 10927966, 10931258, 10933188, 10938445, 10942387, 10946233, 10950983, 10953422, 10960176, 10964564, 10965418, 10971683, 10974685, 10979170, 10983580, 10986261, 10992875, 10997647, 10997873, 11004920, 11006982, 11010327, 11017961, 11019616, 11025054, 11028986, 11032068, 11038093, 11039347, 11043020, 11050802, 11052219, 11057989, 11061281, 11065311, 11070550, 11072424, 11076258, 11083100, 11085525, 11090219, 11094607, 11097521, 11103800, 11104710, 11109241, 11115655, 11118350, 11122928, 11127700, 11129962, 11136995, 11137053, 11142782, 11147648, 11149833, 11156983, 11161235, 11161965, 11168484, 11171098, 11175845, 11180123, 11183058, 11189292, 11194184, 11194550, 11201343, 11203777, 11208139, 11213365, 11215292, 11222594, 11226406, 11227864, 11233617, 11237039, 11240464, 11246574, 11247719, 11255705, 11259133, 11260675, 11266186, 11270004, 11276230, 11276344, 11283377, 11285583, 11290411, 11294933, 11297628, 11304098, 11308573, 11309539, 11315818, 11318676, 11323120, 11327758, 11330183, 11337081, 11340915, 11342733, 11347972, 11352058, 11355294, 11361120, 11362537, 11370263, 11373992, 11375190, 11381215, 11384353, 11388229, 11393723, 11395378, 11402956, 11405487, 11409233, 11414744, 11416358, 11419714, 11427772, 11428917, 11434955, 11438452, 11441802, 11447555, 11449085, 11452825, 11460199, 11462126, 11467280, 11471642, 11474148, 11480941, 11481235, 11486199, 11492361, 11495296, 11499646, 11504321, 11507007, 11513526, 11514184, 11518508, 11525586, 11527771, 11532709, 11536371, 11540493, 11543428, 11549818, 11554590, 11555040, 11561833, 11564183, 11568680, 11573718, 11575903, 11582881, 11587269, 11587899, 11594418, 11597132, 11600966, 11606968, 11608113, 11616207, 11619499, 11621205, 11626716, 11630370, 11634077, 11639395, 11641322, 11648532, 11652464, 11653774, 11659527, 11663097, 11665562, 11673444, 11674861, 11680531, 11683959, 11687817, 11693056, 11695102, 11698497, 11706047, 11707702, 11713224, 11717036, 11720274, 11726299, 11727397, 11731759, 11738321, 11741016, 11745446, 11750338, 11752508, 11759541, 11759691, 11764468, 11771146, 11773571, 11778429, 11782681, 11785703, 11791982, 11792784, 11798818, 11802332, 11808085, 11809451, 11813327, 11820593, 11822520, 11827782, 11831545, 11835143, 11840654, 11842416, 11845652, 11853802, 11854947, 11860893, 11864727, 11867497, 11874016, 11874590, 11879034, 11885956, 11888141, 11893235, 11897676, 11900082, 11906875, 11907269, 11912097, 11918431, 11921366, 11925544, 11931211, 11932085, 11938364, 11941314, 11945638, 11950424, 11952849, 11959599, 11964304, 11964526, 11971559, 11973657, 11978621, 11982979, 11985674, 11992308, 11996670, 11997696, 12003721, 12007031, 12010771, 12016365, 12018020, 12025498, 12028965, 12030939, 12036178, 12040108, 12043464, 12049206, 12050623, 12058433, 12061264, 12064174, 12070439, 12071385, 12075709, 12082499, 12084938, 12089652, 12094347, 12096629, 12103676, 12103682, 12108646, 12115096, 12117777, 12122351, 12126693, 12129819, 12135826, 12137068, 12140808, 12148470, 12150143, 12155521, 12159038, 12163008, 12168265, 12170167, 12173523, 12181293, 12182692, 12188506, 12193081, 12194503, 12200270, 12203696, 12207572, 12212778, 12214691, 12222045, 12225762, 12227356, 12232853, 12236651, 12239887, 12246001, 12247160, 12255110, 12258956, 12259698, 12266235, 12268805, 12273249, 12278175, 12280342, 12287464, 12291927, 12292265, 12299040, 12301534, 12306362, 12310596, 12313549, 12319795, 12321921, 12327807, 12329206, 12336904, 12340332, 12342162, 12347419, 12351461, 12354906, 12360356, 12362029, 12369619, 12373431, 12374601, 12380608, 12383806, 12388148, 12392650, 12395331, 12401853, 12406745, 12406823, 12413870, 12416080, 12420847, 12425489, 12427928, 12434790, 12439042, 12440060, 12446325, 12449163, 12452840, 12459030, 12461983, 12466273, 12471045, 12473595, 12480370, 12480652, 12485171, 12492237, 12494404, 12499386, 12503774, 12506400, 12512937, 12513623, 12517469, 12525475, 12526634, 12532692, 12535984, 12539726, 12545223, 12546873, 12550534, 12557944, 12559857, 12565007, 12568939, 12572309, 12578076, 12579554, 12584742, 12589272, 12591953, 12598447, 12603339, 12603445, 12610492, 12612674, 12617469, 12622083, 12624522, 12631412, 12635664, 12636654, 12642919, 12645785, 12649619, 12655469, 12656868, 12664602, 12668030, 12669824, 12675081, 12679159, 12682568, 12688054, 12689727, 12697281, 12701093, 12702299, 12708306, 12711468, 12714063, 12722097, 12723256, 12729286, 12732578, 12736348, 12741845, 12743467, 12747156, 12754538, 12756451, 12761629, 12765561, 12768903, 12774670, 12776176, 12780538, 12786692, 12789645, 12793971, 12798743, 12801257, 12808032, 12808350, 12812833, 12819935, 12822102, 12827048, 12831436, 12834098, 12840635, 12841285, 12847607, 12850697, 12856704, 12857982, 12861722, 12869348, 12871021, 12876435, 12879916, 12883922, 12889179, 12891045, 12894401, 12902207, 12903606, 12909384, 12913218, 12916156, 12922421, 12923339, 12927663, 12934481, 12936920, 12941606, 12946329, 12948583, 12955630, 12955664, 12960628, 12967050, 12969731, 12974333, 12979870, 12980576, 12987113, 12989719, 12994163, 12999053, 13001220, 13008378, 13012805, 13013179, 13019954, 13022412, 13027240, 13031510, 13034463, 13040673, 13045035, 13046485, 13052252, 13055650, 13059526, 13064760, 13066673, 13073999, 13077744, 13079310, 13084807, 13088633, 13091869, 13097955, 13099114, 13107092, 13109893, 13112699, 13119218, 13119756, 13124200, 13131158, 13133343, 13138401, 13142878, 13145248, 13152041, 13152471, 13157299, 13163597, 13166532, 13170746, 13175088, 13178574, 13184327, 13185721, 13189597, 13196835, 13198762, 13204052, 13207787, 13211413, 13216924, 13218658, 13221894, 13230072, 13231217, 13237135, 13241836, 13242898, 13248923, 13252197, 13255937, 13261567, 13263222, 13270664, 13274167, 13276105, 13281344, 13285310, 13288666, 13294372, 13295789, 13303635, 13307481, 13308327, 13314606, 13317584, 13321908, 13326666, 13329091, 13335869, 13340546, 13340796, 13347829, 13349899, 13354863, 13359249, 13361944, 13368550, 13370452, 13376426, 13377571, 13385693, 13388985, 13390663, 13396174, 13399856, 13403535, 13408881, 13410808, 13417990, 13421922, 13423260, 13429013, 13432555, 13436897, 13441055, 13443990, 13450344, 13455116, 13455602, 13462395, 13464709, 13469242, 13474244, 13476429, 13483443, 13487831, 13488425, 13494944, 13497694, 13501245, 13507779, 13510474, 13514932, 13519824, 13521966, 13528999, 13529177, 13533926, 13540632, 13543057, 13547887, 13552139, 13555189, 13561468, 13562242, 13566088, 13574006, 13575423, 13581057, 13584485, 13588379, 13593618, 13595628, 13599059, 13606573, 13608228, 13613786, 13617598, 13620800, 13626825, 13627959, 13634657, 13636511, 13641750, 13645800, 13649036, 13654898, 13656315, 13664005, 13667770, 13668932, 13674957, 13678131, 13682007, 13687465, 13689120, 13696734, 13701076, 13701162, 13708195, 13710429, 13715257, 13719751, 13722446, 13728944, 13733391, 13734385, 13740664, 13743494, 13747938, 13752604, 13755029, 13761899, 13765384, 13767926, 13774719, 13774977, 13779941, 13786139, 13789074, 13793388, 13798099, 13800749, 13807268, 13807962, 13812286, 13819328, 13821513, 13826487, 13830333, 13834051, 13839562, 13841204, 13844560, 13852590, 13853735, 13859801, 13863270, 13866648, 13872401, 13873903, 13877643, 13885045, 13886972, 13892098, 13894320, 13901134, 13903559, 13908281, 13912669, 13915555, 13921834, 13922772, 13927275, 13933717, 13936412, 13940962, 13945734, 13948024, 13955057, 13955087, 13959429, 13967099, 13968754, 13974156, 13978088, 13981206, 13987231, 13988449, 13992158, 13999904, 14001321, 14007127, 14010419, 14014413, 14019652, 14021562, 14026201, 14031399, 14033326, 14040656, 14044468, 14045898, 14051651, 14055101, 14058498, 14064636, 14065781, 14073739, 14077167, 14078737, 14084248, 14088038, 14091884, 14096786, 14098971, 14106085, 14110337, 14111103, 14117622, 14120200, 14124983, 14129225, 14132160, 14138430, 14143322, 14143652, 14150445, 14152915, 14156226, 14163516, 14165429, 14170699, 14174511, 14178001, 14183768, 14185126, 14188569, 14196711, 14197870, 14203792, 14207220, 14210826, 14216323, 14218109, 14221943, 14228873, 14231040, 14236158, 14240410, 14243172, 14249709, 14250259, 14255020, 14261330, 14264283, 14268453, 14273345, 14275775, 14282550, 14282952, 14288555, 14293333, 14295772, 14302498, 14306886, 14307768, 14314033, 14317007, 14321520, 14325902, 14328583, 14335225, 14339997, 14340195, 14347242, 14349332, 14353694, 14359264, 14360937, 14368407, 14372339, 14373389, 14379396, 14382714, 14386373, 14392123, 14393522, 14401356, 14404648, 14406614, 14411871, 14415777, 14421779, 14422253, 14429028, 14431386, 14436350, 14440448, 14443401, 14449783, 14454472, 14455094, 14461631, 14464321, 14468645, 14473691, 14475858, 14482860, 14486694, 14488408, 14493905, 14497583, 14500939, 14506933, 14508092, 14516162, 14519677, 14520963, 14526730, 14530292, 14534032, 14539374, 14541287, 14548505, 14551162, 14555012, 14560269, 14562291, 14565527, 14573417, 14574816, 14580510, 14584225, 14587487, 14593494, 14594600, 14598476, 14606002, 14607675, 14613189, 14617551, 14619697, 14626744, 14626886, 14631714, 14638300, 14640981, 14645419, 14649876, 14652906, 14659171, 14659997, 14664441, 14671111, 14673550, 14678384, 14680489, 14687831, 14689758, 14694944, 14698820, 14702266, 14708019, 14709453, 14712946, 14720908, 14722053, 14728187, 14731423, 14735201, 14740712, 14742294, 14746140, 14753250, 14755435, 14760341, 14764785, 14767375, 14773894, 14774648, 14779335, 14785593, 14788528, 14792782, 14797610, 14800084, 14806877, 14807203, 14812864, 14817598, 14820023, 14826825, 14831149, 14832083, 14838362, 14841252, 14845723, 14850277, 14852972, 14859410, 14864374, 14864392, 14871425, 14873727, 14878069, 14883467, 14885122, 14892796, 14896536, 14897766, 14903791, 14906897, 14910638, 14916432, 14917849, 14925607, 14928963, 14930877, 14936116, 14940106, 14946168, 14946438, 14953231, 14955761, 14960533, 14964843, 14967778, 14973980, 14978723, 14979421, 14985940, 14988586, 14992974, 14997936, 15000121, 15007175, 15011021, 15012659, 15018170, 15021892, 15025184, 15031262, 15032407, 15040425, 15043862, 15045352, 15051105, 15054495, 15058427, 15063557, 15065484, 15072882, 15075345, 15079407, 15084646, 15086488, 15089916, 15097602, 15099019, 15104885, 15108554, 15111732, 15117757, 15118915, 15122727, 15130329, 15131984, 15137454, 15141796, 15144026, 15151059, 15151149, 15156041, 15162551, 15165246, 15169728, 15174271, 15177089, 15183368, 15184374, 15188626, 15195500, 15197925, 15202587, 15207434, 15209460, 15214717, 15218563, 15221991, 15227673, 15229072, 15236974, 15240657, 15241775, 15247782, 15251032, 15254844, 15260354, 15262027, 15269557, 15273919, 15274049, 15281096, 15283254, 15288146, 15292588, 15295269, 15301851, 15306340, 15307162, 15313427, 15316461, 15320713, 15325559, 15327998, 15334656, 15338339, 15340701, 15347476, 15347946, 15352718, 15359088, 15362041, 15366151, 15370936, 15373638, 15380175, 15380785, 15385173, 15392171, 15394338, 15399388, 15403222, 15406888, 15412385, 15414111, 15417403, 15425477, 15426636, 15432626, 15436045, 15439603, 15445370, 15446660, 15450592, 15457822, 15459735, 15465065, 15467227, 15473957, 15476396, 15481170, 15485494, 15488456, 15494721, 15495615, 15500032, 15506686, 15509367, 15513737, 15518701, 15520787, 15527834, 15528036, 15532398, 15539856, 15541529, 15547111, 15550851, 15554173, 15560180, 15561226, 15564981, 15572811, 15574210, 15579964, 15583320, 15587238, 15592495, 15594449, 15599026, 15604300, 15606213, 15613499, 15617375, 15618721, 15624488, 15627990, 15631465, 15637399, 15638558, 15646688, 15649924, 15651706, 15657203, 15660813, 15664647, 15669753, 15671920, 15678862, 15683306, 15683860, 15690397, 15693155, 15697884, 15702050, 15705003, 15711317, 15716145, 15716559, 15723334, 15725752, 15731438, 15734032, 15740569, 15741287, 15745539, 15752701, 15754868, 15759754, 15764277, 15766731, 15773506, 15773884, 15778776, 15784998, 15787951, 15792209, 15796571, 15799973, 15805740, 15807186, 15810998, 15818312, 15820225, 15825471, 15829120, 15832958, 15838455, 15840009, 15843437, 15851411, 15852570, 15858660, 15863175, 15864441, 15870448, 15873550, 15877482, 15882900, 15884573, 15892195, 15895644, 15897506, 15902763, 15906773, 15910065, 15915855, 15917254, 15925048, 15928882, 15929804, 15936069, 15939003, 15943391, 15948065, 15950504, 15957334, 15962089, 15962135, 15969182, 15971424, 15976196, 15980794, 15983475, 15989901, 15991871, 15997889, 15999048, 16007094, 16010450, 16012076, 16017573, 16021339, 16025060, 16030234, 16032147, 16039533, 16043273, 16044791, 16050558, 16053888, 16058250, 16062580, 16065533, 16071683, 16076647, 16076953, 16083728, 16086254, 16090705, 16095663, 16097830, 16104920, 16109244, 16109890, 16116427, 16119093, 16122710, 16129192, 16131873, 16136415, 16141243, 16143429, 16150476, 16150578, 16155277, 16162163, 16164602, 16169220, 16173664, 16176542, 16182807, 16183785, 16187619, 16195357, 16196756, 16202602, 16205838, 16209904, 16215161, 16216967, 16220472, 16228038, 16229711, 16235185, 16239061, 16242219, 16248226, 16249436, 16254797, 16259251, 16261946, 16268484, 16273312, 16273502, 16280535, 16282665, 16287382, 16292200, 16294625, 16301343, 16305787, 16306565, 16312844, 16315890, 16319736, 16325382, 16326799, 16334705, 16337941, 16339947, 16345186, 16349084, 16352547, 16358109, 16359764, 16367274, 16371150, 16372272, 16378297, 16381511, 16384036, 16392154, 16393299, 16399277, 16402633, 16406327, 16411838, 16413504, 16417279, 16424449, 16426376, 16431734, 16435474, 16439020, 16444773, 16446107, 16450449, 16456815, 16459750, 16463896, 16468860, 16471170, 16477963, 16478453, 16482890, 16489908, 16492093, 16497091, 16501415, 16504153, 16510672, 16511278, 16517532, 16520802, 16526827, 16527893, 16531825, 16539279, 16540934, 16546552, 16549959, 16553913, 16559152, 16561102, 16564394, 16572244, 16573661, 16579363, 16583209, 16586199, 16592478, 16593312, 16597700, 16604474, 16606899, 16611661, 16616434, 16618508, 16625541, 16625787, 16630559, 16637153, 16639848, 16644246, 16649973, 16650507, 16657026, 16659836, 16664088, 16669158, 16671343, 16678289, 16682798, 16683216, 16690009, 16692391, 16697283, 16701501, 16704436, 16710730, 16715072, 16716478, 16722231, 16725705, 16729517, 16734803, 16736730, 16743972, 16747675, 16749413, 16754924, 16758546, 16761974, 16767880, 16769025, 16777215"


draw_Golay:
	$(TOOLS_PATH)/draw_colored_graph.out -v 2 \
		-file code_24_4096_Levi_4096_4096.bin \
		-Levi 4096 4096 \
		-bitmatrix
	mpost code_24_4096_Levi_4096_4096_bitmatrix.mp
	latex view.tex
	dvips view.dvi -o
	open view.ps



create_Hamming3:
	$(THE_PATH)/create_code.out -v 2 -n 3 -q 2 -check_matrix \
		"1,0,1, 0,1,1" \
		-save_codewords Hamming_codewords.csv



code_Hamming3:
	$(THE_PATH)/binary_code.out -n 3 -set "0, 7"

draw_Hamming3:
	$(TOOLS_PATH)/draw_colored_graph.out -v 2 \
		-file code_3_2_Levi_16_8.bin \
		-Levi 16 8 \
		-bitmatrix
	mpost code_7_16_Levi_16_8_bitmatrix.mp

code_10_3_5:
	$(THE_PATH)/create_code.out -v 2 -n 10 -q 2 -generator_matrix \
		"1, 1, 1, 1, 1, 1, 1, 1, 0, 0,  1, 1, 1, 1, 0, 0, 0, 0, 1, 0, 1, 1, 0, 0, 1, 1, 0, 0, 0, 1"

code_words_10_3_5:
	$(THE_PATH)/binary_code.out -n 10 -set "0, 963, 716, 271, 496, 563, 828, 255"

draw_10_3_5:
	$(TOOLS_PATH)/draw_colored_graph.out -v 2 \
		-file code_10_8_Levi_32_32.bin \
		-Levi 32 32 \
		-bitmatrix \
		-partitioned  
	mpost code_10_8_Levi_32_32_bitmatrix.mp


code_8_4:
	$(THE_PATH)/create_code.out -v 2 -n 8 -q 2 -generator_matrix \
		"1, 1, 1, 0, 1, 0, 0, 0, 1, 1, 0, 1, 0, 1, 0, 0, 1, 0, 1, 1, 0, 0, 1, 0, 0, 1, 1, 1, 0, 0, 0, 1"


code_words_8_4:
	$(THE_PATH)/binary_code.out -n 8 -set "0, 113, 178, 195, 212, 165, 102, 23, 232, 153, 90, 43, 60, 77, 142, 255 "


draw_8_4:
	$(TOOLS_PATH)/draw_colored_graph.out -v 2 \
		-file code_8_16_Levi_16_16.bin \
		-Levi 16 16 \
		-bitmatrix \
		-Levi_discrete
	mpost code_8_16_Levi_16_16_bitmatrix.mp


